***原始数据***

节点数：3
支路数：2

支路数据：
支路1：两端节点为3和2，支路导纳 Y=1.96078-j7.84314
支路2：两端节点为2和1，支路导纳 Y=1.96078-j7.84314

节点数据：
节点1：PQ节点，电压：0，相角：0，注入功率 S=-0.2+j0.1
节点2：PQ节点，电压：0，相角：0，注入功率 S=-0.8-j0.5
节点3：平衡节点，电压：1，相角：0，注入功率 S=0

导纳矩阵：
   1.96078-j7.84314  -1.96078+j7.84314                  0
  -1.96078+j7.84314   3.92157-j15.6863  -1.96078+j7.84314
                  0  -1.96078+j7.84314   1.96078-j7.84314

***迭代过程***

第1次迭代：

雅可比矩阵：
     7.84314     1.96078    -7.84314    -1.96078
    -1.96078     7.84314     1.96078    -7.84314
    -7.84314    -1.96078     15.6863     3.92157
     1.96078    -7.84314    -3.92157     15.6863

逆雅可比矩阵：
        0.24       -0.06        0.12       -0.03
        0.06        0.24        0.03        0.12
        0.12       -0.03        0.12       -0.03
        0.03        0.12        0.03        0.12

[ Δe1 Δf1 Δe2 Δf2 ]:
      -0.135       -0.072       -0.108       -0.078 

第2次迭代：

雅可比矩阵：
     6.91373     2.67843    -7.01373    -2.87843
    -3.07843     7.11372     2.87843    -7.01373
    -7.01961     -2.6549     14.5392      4.5098
      2.6549    -7.01961     -6.1098     13.5392

逆雅可比矩阵：
    0.246404   -0.072903    0.122321  -0.0261245
    0.130573    0.249396   0.0698006    0.133705
        0.12       -0.03        0.12       -0.03
   0.0735324    0.130061   0.0663554    0.134765

[ Δe1 Δf1 Δe2 Δf2 ]:
 -0.00318273   -0.0259337 -2.72412e-08   -0.0220836 

第3次迭代：

雅可比矩阵：
     6.72804     2.62003    -6.80408    -2.85254
    -3.08505     6.88013     2.85254    -6.80408
     -6.8464     -2.6116     14.3421     4.41241
      2.6116     -6.8464    -6.03399     13.0436

逆雅可比矩阵：
    0.248971   -0.073574    0.122128  -0.0252448
     0.14033    0.261247   0.0742877    0.141837
        0.12       -0.03        0.12       -0.03
   0.0793204    0.137978   0.0700525    0.142291

[ Δe1 Δf1 Δe2 Δf2 ]:
-8.35201e-05 -0.000782197 -4.70754e-09 -0.000646493 

第4次迭代：

雅可比矩阵：
     6.72264     2.61823    -6.79778    -2.85166
     -3.0851     6.87293     2.85166    -6.79778
    -6.84133    -2.61033     14.3361     4.40953
     2.61033    -6.84133     -6.0318     13.0292

逆雅可比矩阵：
    0.249044  -0.0735951    0.122119  -0.0252186
    0.140633    0.261632   0.0744266    0.142093
        0.12       -0.03        0.12       -0.03
   0.0795015    0.138232    0.070167    0.142524

[ Δe1 Δf1 Δe2 Δf2 ]:
 4.08445e-08 -8.29539e-07  5.25266e-08 -6.39021e-07 

***潮流计算结果***

迭代次数：4

收敛后的节点电压：
节点1：U=0.901283-j0.138266
节点2：U=0.899269-j0.108
节点3：U=1

各节点注入功率：
节点1：S=-0.2+j0.1
节点2：S=-0.8-j0.5
节点3：S=0

各支路两端流入功率功率：
S_12=0.201804-j0.0927832
S_21=0.201804-j0.0927832
S_23=1.04457+j0.578281
S_32=1.04457+j0.578281

网络总损耗：
ΔS=0.04457+j0.17828
